run:
174 192 202 197 169 185 206 149 118 200 204 237 185 209 194 182 210 174 174 203 200 197 212 211 166 124 185 164 167 196 206 195 179 0 0 0 0 0 0 0 
159 198 169 147 165 183 193 177 106 168 185 196 183 197 197 202 201 218 195 202 196 184 206 181 123 143 218 188 171 176 178 166 173 0 0 0 0 0 0 0 
205 196 161 163 161 152 186 211 189 169 176 187 210 189 184 210 175 178 213 198 196 194 154 174 161 179 210 183 172 160 176 205 188 0 0 0 0 0 0 0 
210 194 169 188 181 153 171 190 195 194 206 169 179 208 195 170 162 195 185 188 193 187 195 176 180 207 195 171 191 197 194 203 209 0 0 0 0 0 0 0 
212 221 158 145 177 161 143 146 193 207 216 166 128 187 194 175 168 181 168 198 163 114 181 222 203 182 142 152 184 175 167 216 194 0 0 0 0 0 0 0 
210 199 169 177 166 135 155 180 196 181 187 190 163 179 178 175 177 162 178 191 186 183 184 191 196 195 170 166 174 187 177 218 188 0 0 0 0 0 0 0 
214 155 159 219 203 180 202 173 144 157 170 176 198 180 174 147 157 160 156 182 198 182 175 165 147 154 185 211 197 195 151 183 212 0 0 0 0 0 0 0 
208 217 205 191 160 167 195 161 187 178 169 143 173 102 154 199 186 177 198 124 134 189 150 194 177 169 184 179 164 216 192 221 209 0 0 0 0 0 0 0 
164 160 174 202 153 177 192 165 181 180 125 187 181 163 174 158 156 152 155 161 152 190 152 135 199 175 199 190 146 199 188 171 193 0 0 0 0 0 0 0 
179 219 169 158 205 208 180 174 150 145 179 193 163 169 165 166 146 155 164 175 171 184 209 161 154 195 190 208 218 168 181 208 201 0 0 0 0 0 0 0 
154 154 160 195 168 127 173 195 188 161 185 150 146 179 186 197 149 152 180 186 177 130 179 189 177 187 192 133 172 184 179 199 189 0 0 0 0 0 0 0 
152 185 179 217 187 150 167 177 138 167 167 148 177 152 166 161 120 150 174 135 161 173 168 185 151 195 196 153 182 200 197 163 195 0 0 0 0 0 0 0 
194 211 152 188 196 196 177 189 102 158 166 168 175 112 155 167 126 159 158 142 159 198 175 197 131 174 189 192 198 194 166 228 202 0 0 0 0 0 0 0 
171 144 139 190 174 187 180 158 193 156 149 173 182 151 149 129 198 170 121 171 178 188 173 157 205 148 162 186 182 202 134 171 191 0 0 0 0 0 0 0 
167 174 178 124 169 196 180 126 181 134 135 162 143 145 161 181 169 182 161 152 143 161 177 137 178 167 151 195 157 139 200 178 178 0 0 0 0 0 0 0 
166 167 192 92 173 169 168 141 174 152 117 142 116 122 149 195 149 168 190 130 132 133 141 148 169 172 158 170 162 107 177 204 159 0 0 0 0 0 0 0 
166 166 152 165 174 186 182 120 169 148 126 181 151 147 136 137 190 190 115 169 176 177 190 131 186 167 141 189 165 174 149 167 182 0 0 0 0 0 0 0 
211 178 152 189 201 168 169 169 162 164 154 157 176 120 158 139 151 132 146 146 158 196 168 181 159 170 170 170 184 192 122 184 186 0 0 0 0 0 0 0 
195 229 193 180 197 178 172 180 118 97 154 171 150 133 124 175 124 157 180 132 140 174 176 167 103 176 184 190 200 192 199 212 209 0 0 0 0 0 0 0 
164 151 161 209 192 136 150 172 170 166 177 127 165 174 164 169 141 117 178 158 170 167 150 169 173 181 175 128 162 198 171 151 184 0 0 0 0 0 0 0 
170 194 165 163 177 160 167 184 158 138 210 177 117 171 186 197 155 146 188 183 163 133 179 202 135 182 193 148 180 181 162 200 176 0 0 0 0 0 0 0 
181 207 175 172 200 195 189 176 181 148 108 225 168 171 196 142 124 159 144 168 181 171 212 140 158 180 173 194 191 173 198 217 188 0 0 0 0 0 0 0 
180 137 161 196 150 167 218 154 160 192 145 124 191 151 138 166 159 138 154 138 147 178 124 137 189 139 174 194 151 193 167 157 177 0 0 0 0 0 0 0 
191 204 204 197 164 158 183 157 172 179 170 143 164 136 125 186 170 191 192 139 132 186 136 184 162 179 170 182 140 199 208 192 206 0 0 0 0 0 0 0 
207 171 133 189 203 188 186 169 141 141 150 155 179 168 185 140 137 134 160 167 191 182 163 147 139 139 191 181 192 204 128 178 199 0 0 0 0 0 0 0 
179 206 176 173 156 141 161 177 174 191 188 173 146 162 183 174 184 176 170 177 186 163 184 187 184 156 162 162 163 174 156 192 174 0 0 0 0 0 0 0 
192 213 157 133 154 143 136 142 191 206 195 172 120 162 168 179 167 185 186 196 173 123 177 202 198 172 134 141 153 144 165 194 163 0 0 0 0 0 0 0 
198 206 170 160 189 154 140 156 190 185 194 185 166 197 175 168 177 176 177 192 191 155 188 190 170 191 162 163 194 160 159 187 195 0 0 0 0 0 0 0 
212 200 175 151 164 139 168 209 192 159 178 167 182 196 199 196 170 166 196 204 212 195 187 164 161 187 186 155 176 158 168 199 179 0 0 0 0 0 0 0 
197 177 167 132 156 147 175 187 138 128 172 173 186 170 188 190 177 178 211 188 178 177 181 172 131 147 201 167 159 149 168 172 164 0 0 0 0 0 0 0 
BUILD SUCCESSFUL (total time: 1 second)
