114 73 159 126 14 131 146 87 120 102 115 169 164 147 146 151 178 86 98 143 93 182 130 143 98 48 108 154 65 78 143 144 133 128 94 148 132 169 107 141 
23 82 105 173 128 141 124 146 143 146 124 114 101 89 106 174 128 103 88 91 100 122 138 140 67 89 183 96 131 130 177 114 127 56 102 162 134 130 122 107 
46 25 66 118 147 106 90 128 151 111 181 104 68 76 113 139 91 153 109 128 134 177 121 90 83 99 120 151 163 176 128 136 88 112 185 141 143 128 139 144 
15 67 36 104 89 128 140 82 104 115 138 177 141 131 146 22 170 133 102 166 89 68 23 146 90 108 159 172 119 145 63 118 72 75 125 109 43 111 143 166 
69 30 83 23 49 45 30 35 82 92 130 157 124 184 71 98 148 137 148 129 75 87 123 140 63 157 84 165 139 106 116 92 98 66 167 35 135 129 167 87 
94 41 27 57 32 57 82 46 34 24 100 105 148 141 110 159 161 147 67 106 56 72 136 89 109 158 159 71 73 142 91 156 151 98 107 81 154 142 93 143 
46 44 101 26 43 120 174 43 48 3 64 23 144 168 163 166 123 133 31 154 94 72 106 138 111 85 167 87 167 123 101 146 149 61 140 150 144 154 145 161 
33 118 85 33 42 33 130 126 0 152 42 59 108 151 158 162 89 132 99 155 190 155 127 136 84 135 139 145 98 99 133 112 177 81 149 148 173 145 105 126 
51 123 103 86 40 60 30 96 27 106 82 38 133 108 96 138 126 81 134 130 83 78 132 106 80 102 136 94 135 146 112 137 134 119 163 115 90 170 83 109 
99 164 144 132 84 4 28 44 5 103 55 29 30 58 69 110 152 161 162 83 99 60 178 131 136 132 115 157 132 58 122 176 194 77 122 165 121 125 137 79 
34 127 169 84 100 83 65 25 42 76 22 51 34 33 44 54 92 141 163 103 157 139 192 86 148 161 136 139 135 69 189 99 135 136 126 93 140 138 174 158 
88 134 117 156 132 77 41 131 87 85 66 110 140 13 16 43 65 93 137 105 90 160 163 117 186 171 149 193 102 126 75 152 157 115 163 139 100 117 165 152 
23 122 145 153 189 18 154 130 153 122 76 113 179 68 24 10 43 76 144 168 157 173 101 67 46 211 129 145 111 120 69 100 130 162 132 137 164 157 86 102 
43 124 118 199 149 96 178 109 124 131 12 27 131 159 52 30 15 94 139 139 164 79 66 89 88 165 162 146 115 59 205 83 129 182 102 125 136 150 147 162 
109 103 88 122 102 148 153 126 135 54 64 74 0 70 74 0 35 103 123 133 190 128 87 101 105 165 216 151 124 96 70 152 177 102 86 166 168 157 166 128 
93 161 122 123 134 150 151 138 71 50 70 34 70 28 0 59 36 67 95 121 128 167 56 68 122 137 164 164 147 117 157 161 125 78 184 146 93 123 166 134 
125 96 136 134 150 162 154 113 86 50 54 49 48 46 22 36 29 26 36 81 130 146 174 32 133 140 210 81 29 123 83 103 121 181 151 134 128 176 171 103 
93 35 166 168 126 120 113 156 138 128 96 69 95 91 82 156 161 34 69 11 93 147 90 140 145 139 193 51 165 140 99 146 169 123 126 74 104 180 70 80 
101 44 64 129 146 99 110 86 149 122 70 43 75 72 50 97 38 133 51 71 42 100 170 125 102 167 173 74 114 179 141 143 97 131 163 138 92 135 125 106 
161 118 109 72 111 115 104 153 115 101 111 93 63 81 116 123 170 5 70 143 47 34 130 163 142 180 112 198 156 170 34 78 119 174 88 120 128 92 102 84 
63 98 120 56 56 48 69 144 109 89 96 65 10 53 109 66 62 69 61 103 20 56 34 97 142 155 149 187 101 165 180 152 160 154 159 147 94 116 103 89 
96 81 34 40 61 35 68 30 123 110 78 47 38 78 91 19 36 24 85 97 55 29 79 91 82 172 175 121 64 94 138 153 187 99 73 72 101 121 60 153 
18 10 65 38 29 31 41 67 8 36 34 27 29 50 69 37 33 29 17 42 33 40 56 19 88 110 137 177 109 159 166 136 102 85 112 98 55 84 76 122 
152 167 124 95 127 121 157 148 138 155 146 145 133 132 149 113 151 105 133 100 118 110 131 114 109 97 140 194 143 176 167 120 85 73 108 75 84 148 63 73 
60 103 101 85 95 148 119 95 106 125 112 107 111 113 125 120 78 103 103 83 85 81 115 105 94 137 93 58 46 42 41 102 48 79 90 67 90 68 70 86 
175 121 108 160 137 93 76 137 116 130 119 116 109 97 101 94 126 128 143 112 100 131 122 141 158 106 134 179 141 172 176 80 152 122 141 133 125 126 157 135 
111 142 137 112 86 158 186 168 107 105 101 132 159 160 160 145 125 85 102 95 98 170 81 85 131 185 120 66 99 102 115 173 145 122 150 168 183 165 155 115 
102 122 139 149 102 124 130 94 108 112 120 147 144 123 134 141 138 92 78 79 73 169 95 118 102 116 115 88 70 85 153 143 117 149 90 68 182 143 87 140 
120 131 141 171 132 152 170 133 111 95 93 127 131 112 119 116 169 135 80 110 112 189 144 145 166 155 124 85 79 74 128 83 93 111 160 150 121 84 118 142 
178 152 107 121 86 110 154 144 153 155 170 192 169 144 171 187 166 189 153 163 111 102 97 100 76 118 150 150 169 128 174 124 135 144 152 137 153 121 120 133 